4.977
4.966
4.958
4.950
4.945
4.936
4.914
4.890
4.860
4.839
4.813
4.785
4.760
4.733
4.711
4.688
4.670
4.650
4.635
4.619
4.606
4.593
4.582
4.571
4.562
4.552
4.545
4.536
4.530
4.523
4.517
4.511
4.506
4.501
4.496
4.491
4.487
4.484
4.481
4.478
4.477
4.474
4.471
4.469
4.467
4.465
4.463
4.460
4.458
4.455
4.453
4.450
4.448
4.446
4.444
4.442
4.440
4.438
4.436
4.434
4.432
4.430
4.427
4.425
4.423
4.421
4.419
4.417
4.415
4.413
4.411
4.410
4.408
4.406
4.404
4.402
4.401
4.399
4.397
4.396
4.394
4.393
4.392
4.391
4.389
4.388
4.387
4.386
4.385
4.384
4.383
4.382
4.382
4.381
4.380
4.380
4.379
4.378
4.378
4.377
4.377
4.376
4.376
4.376
4.375
4.375
4.374
4.374
4.374